hc_add_series(percip_chance, type= "line")
highchart() %>%
hc_add_series(date) %>%
hc_add_series(temp, type="ohlc") %>%
hc_add_series(percip_chance, type= "line")
highchart() %>%
hc_add_series_ohlc(date) %>%
hc_add_series(temp, type="ohlc") %>%
hc_add_series(percip_chance, type= "line")
help("Deprecated")
per_hs_grads1990 <- c(65.9, 70.6, 68.5, 76.4, 63.1, 73, 78.5, 68.5, 56.6, 56.2, 60.8, 74.3, 76.7, 72.9, 72.2, 82.7, 78.4, 68.5, 58.7, 76.1, 70.5, 76.6, 62, 89.4, 63.8, 70.3, 86.4, 84.2, 76.5, 71.7, 77.2, 57.3, 60.4, 66.7, 86.9, 76.4, 77.2, 71.1, 71.7, 64.9, 58.2, 79.9, 68.7, 65.4, 79.5, 80.4, 69.9, 74.7, 78, 82.7, 85.1)
standard_score <- c(0.754, 0.188, 0.445, -0.502, 1.082, -0.097, -0.756, 0.443, 1.858, 1.915, 1.365, -0.252, -0.538, -0.08, 0.001, -1.255, -0.737, 0.447, 1.615, -0.46, 0.202, -0.521, 1.217, -2.053, 1.003, 0.226, -1.7, -1.431, -0.509, 0.061, -0.6, 1.785, 1.407, 0.654, -1.759, -0.505, -0.592, 0.134, 0.056, 0.873, 1.678, -0.922, 0.422, 0.809, -0.867, -0.983, 0.278, -0.303, -0.695, -1.255, -1.541)
length(standard_score)
library(magrittr)
library(highcharter)
per_hs_grads1990 <- c(65.9, 70.6, 68.5, 76.4, 63.1, 73, 78.5, 68.5, 56.6, 56.2, 60.8, 74.3, 76.7, 72.9, 72.2, 82.7, 78.4, 68.5, 58.7, 76.1, 70.5, 76.6, 62, 89.4, 63.8, 70.3, 86.4, 84.2, 76.5, 71.7, 77.2, 57.3, 60.4, 66.7, 86.9, 76.4, 77.2, 71.1, 71.7, 64.9, 58.2, 79.9, 68.7, 65.4, 79.5, 80.4, 69.9, 74.7, 78, 82.7, 85.1)
standard_score <- c(0.754, 0.188, 0.445, -0.502, 1.082, -0.097, -0.756, 0.443, 1.858, 1.915, 1.365, -0.252, -0.538, -0.08, 0.001, -1.255, -0.737, 0.447, 1.615, -0.46, 0.202, -0.521, 1.217, -2.053, 1.003, 0.226, -1.7, -1.431, -0.509, 0.061, -0.6, 1.785, 1.407, 0.654, -1.759, -0.505, -0.592, 0.134, 0.056, 0.873, 1.678, -0.922, 0.422, 0.809, -0.867, -0.983, 0.278, -0.303, -0.695, -1.255, -1.541)
total_births_under20 <- c(59736, 12844, 59348, 35221, 470951, 55123, 43988, 9618, 9870, 163816, 96340, 18307, 17567, 180737, 80946, 41221, 39679, 52885, 81458, 16903, 68015, 81780, 138021, 67412, 43449, 76978, 13494, 25551, 15325, 15453, 105566, 27757, 259465, 89397, 11721, 160474, 53137, 39486, 160528, 13033, 51900, 12130, 66757, 308164, 37451, 8036, 86052, 70230, 24132, 73743, 9366)
teen_stats <- data.frame(per_hs_grads1990,standard_score,total_births_under20)
highchart() %>%
hc_title(text="1984-1993 Teen Statistics") %>%
hc_add_series_scatter(weather_dat$temp, weather_dat$percip_chance, weather_dat$cloud_coverage, weather_dat$tornado_chance)
library(magrittr)
library(highcharter)
per_hs_grads1990 <- c(65.9, 70.6, 68.5, 76.4, 63.1, 73, 78.5, 68.5, 56.6, 56.2, 60.8, 74.3, 76.7, 72.9, 72.2, 82.7, 78.4, 68.5, 58.7, 76.1, 70.5, 76.6, 62, 89.4, 63.8, 70.3, 86.4, 84.2, 76.5, 71.7, 77.2, 57.3, 60.4, 66.7, 86.9, 76.4, 77.2, 71.1, 71.7, 64.9, 58.2, 79.9, 68.7, 65.4, 79.5, 80.4, 69.9, 74.7, 78, 82.7, 85.1)
standard_score <- c(0.754, 0.188, 0.445, -0.502, 1.082, -0.097, -0.756, 0.443, 1.858, 1.915, 1.365, -0.252, -0.538, -0.08, 0.001, -1.255, -0.737, 0.447, 1.615, -0.46, 0.202, -0.521, 1.217, -2.053, 1.003, 0.226, -1.7, -1.431, -0.509, 0.061, -0.6, 1.785, 1.407, 0.654, -1.759, -0.505, -0.592, 0.134, 0.056, 0.873, 1.678, -0.922, 0.422, 0.809, -0.867, -0.983, 0.278, -0.303, -0.695, -1.255, -1.541)
total_births_under20 <- c(59736, 12844, 59348, 35221, 470951, 55123, 43988, 9618, 9870, 163816, 96340, 18307, 17567, 180737, 80946, 41221, 39679, 52885, 81458, 16903, 68015, 81780, 138021, 67412, 43449, 76978, 13494, 25551, 15325, 15453, 105566, 27757, 259465, 89397, 11721, 160474, 53137, 39486, 160528, 13033, 51900, 12130, 66757, 308164, 37451, 8036, 86052, 70230, 24132, 73743, 9366)
teen_stats <- data.frame(per_hs_grads1990,standard_score,total_births_under20)
highchart() %>%
hc_title(text="1984-1993 Teen Statistics") %>%
hc_add_series(weather_dat$temp, weather_dat$percip_chance, weather_dat$cloud_coverage, weather_dat$tornado_chance)
library(magrittr)
library(highcharter)
per_hs_grads1990 <- c(65.9, 70.6, 68.5, 76.4, 63.1, 73, 78.5, 68.5, 56.6, 56.2, 60.8, 74.3, 76.7, 72.9, 72.2, 82.7, 78.4, 68.5, 58.7, 76.1, 70.5, 76.6, 62, 89.4, 63.8, 70.3, 86.4, 84.2, 76.5, 71.7, 77.2, 57.3, 60.4, 66.7, 86.9, 76.4, 77.2, 71.1, 71.7, 64.9, 58.2, 79.9, 68.7, 65.4, 79.5, 80.4, 69.9, 74.7, 78, 82.7, 85.1)
standard_score <- c(0.754, 0.188, 0.445, -0.502, 1.082, -0.097, -0.756, 0.443, 1.858, 1.915, 1.365, -0.252, -0.538, -0.08, 0.001, -1.255, -0.737, 0.447, 1.615, -0.46, 0.202, -0.521, 1.217, -2.053, 1.003, 0.226, -1.7, -1.431, -0.509, 0.061, -0.6, 1.785, 1.407, 0.654, -1.759, -0.505, -0.592, 0.134, 0.056, 0.873, 1.678, -0.922, 0.422, 0.809, -0.867, -0.983, 0.278, -0.303, -0.695, -1.255, -1.541)
total_births_under20 <- c(59736, 12844, 59348, 35221, 470951, 55123, 43988, 9618, 9870, 163816, 96340, 18307, 17567, 180737, 80946, 41221, 39679, 52885, 81458, 16903, 68015, 81780, 138021, 67412, 43449, 76978, 13494, 25551, 15325, 15453, 105566, 27757, 259465, 89397, 11721, 160474, 53137, 39486, 160528, 13033, 51900, 12130, 66757, 308164, 37451, 8036, 86052, 70230, 24132, 73743, 9366)
teen_stats <- data.frame(per_hs_grads1990,standard_score,total_births_under20)
highchart() %>%
hc_title(text="1984-1993 Teen Statistics") %>%
hc_add_series_scatter(teen_stats$per_hs_grads1990, teen_stats$standard_score, teen_stats$total_births_under20)
?highchart
?highchart
library(magrittr)
library(highcharter)
per_hs_grads1990 <- c(65.9, 70.6, 68.5, 76.4, 63.1, 73, 78.5, 68.5, 56.6, 56.2, 60.8, 74.3, 76.7, 72.9, 72.2, 82.7, 78.4, 68.5, 58.7, 76.1, 70.5, 76.6, 62, 89.4, 63.8, 70.3, 86.4, 84.2, 76.5, 71.7, 77.2, 57.3, 60.4, 66.7, 86.9, 76.4, 77.2, 71.1, 71.7, 64.9, 58.2, 79.9, 68.7, 65.4, 79.5, 80.4, 69.9, 74.7, 78, 82.7, 85.1)
standard_score <- c(0.754, 0.188, 0.445, -0.502, 1.082, -0.097, -0.756, 0.443, 1.858, 1.915, 1.365, -0.252, -0.538, -0.08, 0.001, -1.255, -0.737, 0.447, 1.615, -0.46, 0.202, -0.521, 1.217, -2.053, 1.003, 0.226, -1.7, -1.431, -0.509, 0.061, -0.6, 1.785, 1.407, 0.654, -1.759, -0.505, -0.592, 0.134, 0.056, 0.873, 1.678, -0.922, 0.422, 0.809, -0.867, -0.983, 0.278, -0.303, -0.695, -1.255, -1.541)
total_births_under20 <- c(59736, 12844, 59348, 35221, 470951, 55123, 43988, 9618, 9870, 163816, 96340, 18307, 17567, 180737, 80946, 41221, 39679, 52885, 81458, 16903, 68015, 81780, 138021, 67412, 43449, 76978, 13494, 25551, 15325, 15453, 105566, 27757, 259465, 89397, 11721, 160474, 53137, 39486, 160528, 13033, 51900, 12130, 66757, 308164, 37451, 8036, 86052, 70230, 24132, 73743, 9366)
teen_stats <- data.frame(per_hs_grads1990, standard_score, total_births_under20)
highchart() %>%
hc_title(text="1984-1993 Teen Statistics") %>%
hc_add_series_scatter(teen_stats$per_hs_grads1990, teen_stats$standard_score, teen_stats$total_births_under20, color=teen_stats$per_hs_grads1990)
hw <- HoltWinters(teen_stats$standard_score)
1990+51
hw <- HoltWinters(c(1990:2040), teen_stats$per_hs_grads1990)
?HoltWinters
new <- data.frame(c(1990:2040), teen_stats$standard_score)
hw <- HoltWinters(new)
View(new)
View(new_dat)
View(new)
new <- data.frame(c(1990:2040), teen_stats$standard_score)
hw <- HoltWinters(new)
new <- data.frame(c(1990:2040), teen_stats$standard_score)
hw <- HoltWinters(new)
new <- data.frame(c(1990:2040), teen_stats$standard_score)
hw <- HoltWinters(new)
new <- data.frame(c(1990:2040), teen_stats$standard_score)
hw <- HoltWinters(new)
new <- data.frame(c(1990:2040), teen_stats$standard_score)
hw <- HoltWinters(new, gamma = FALSE)
p <- predict(hw, n.ahead=0, prediction.interval=FALSE)
new <- data.frame(c(1990:2040), teen_stats$standard_score)
hw <- HoltWinters(new, gamma = FALSE)
p <- predict(hw, n.ahead=3, prediction.interval=FALSE)
all <- cbind(new, p)
dygraph(all, "Time") %>%
dySeries("ldeaths", label = "Actual") %>%
dySeries(c("p.lwr", "p.fit", "p.upr"), label = "Predicted")
View(all)
new <- data.frame(c(1990:2040), teen_stats$standard_score)
hw <- HoltWinters(new, gamma = FALSE)
p <- predict(hw, n.ahead=3, prediction.interval=FALSE)
dygraph(new, "Time") %>%
dySeries("ldeaths", label = "Actual") %>%
dySeries(c("p.lwr", "p.fit", "p.upr"), label = "Predicted")
new <- data.frame(date=c(1990:2040), teen_stats$standard_score)
hw <- HoltWinters(new, gamma = FALSE)
p <- predict(hw, n.ahead=3, prediction.interval=FALSE)
dygraph(new, "Time") %>%
dySeries("ldeaths", label = "Actual") %>%
dySeries(c("p.lwr", "p.fit", "p.upr"), label = "Predicted")
new <- data.frame(date=c(1990:2040), teen_stats$standard_score)
hw <- HoltWinters(new, gamma = FALSE)
p <- predict(hw, n.ahead=3, prediction.interval=FALSE)
dygraph(new, "Time") %>%
dySeries("date", label = "Date") %>%
dySeries(c("p.lwr", "p.fit", "p.upr"), label = "Predicted")
new <- data.frame(date=c(1990:2040), teen_stats$standard_score)
hw <- HoltWinters(new, gamma = FALSE)
p <- predict(hw, n.ahead=3, prediction.interval=FALSE)
dygraph(new, "Time") %>%
dySeries("date", label = "Date") %>%
dySeries(c(teen_stats.standard_score), label = "Scores")
new <- data.frame(date=c(1990:2040), score=teen_stats$standard_score)
hw <- HoltWinters(new, gamma = FALSE)
p <- predict(hw, n.ahead=3, prediction.interval=FALSE)
dygraph(new, "Time") %>%
dySeries("date", label = "Date") %>%
dySeries("", label = "Scores")
new <- data.frame(date=c(1990:2040), score=teen_stats$standard_score)
hw <- HoltWinters(new, gamma = FALSE)
p <- predict(hw, n.ahead=3, prediction.interval=FALSE)
dygraph(new, "Time") %>%
dySeries("date", label = "Date") %>%
dySeries("score", label = "Scores")
new <- data.frame(date=c(1990:2040), score=teen_stats$standard_score, score.uper=teen_stats$standard_score+2, score.lower=een_stats$standard_score-2)
new <- data.frame(date=c(1990:2040), score=teen_stats$standard_score, score.uper=teen_stats$standard_score+2, score.lower=teen_stats$standard_score-2)
hw <- HoltWinters(new, gamma = FALSE)
p <- predict(hw, n.ahead=3, prediction.interval=FALSE)
dygraph(new, "Time") %>%
dySeries("date", label = "Date") %>%
dySeries("score", label = "Scores")
new <- data.frame(date=c(1990:2040), score=teen_stats$standard_score, score.uper=teen_stats$standard_score+2, score.lower=teen_stats$standard_score-2)
hw <- HoltWinters(new, gamma = FALSE)
p <- predict(hw, n.ahead=3, prediction.interval=FALSE)
dygraph(new, "Time") %>%
dySeries("date", label = "Date") %>%
dySeries(c("score.lower", "score", "score.upper"), label = "Scores")
new <- data.frame(date=c(1990:2040), score=teen_stats$standard_score, score.uper=teen_stats$standard_score+2, score.lower=teen_stats$standard_score-2)
hw <- HoltWinters(new, gamma = FALSE)
p <- predict(hw, n.ahead=3, prediction.interval=FALSE)
dygraph(new, "Time") %>%
dySeries("date", label = "Date") %>%
dySeries(c("score.lower", "score", "score.uper"), label = "Scores")
new <- data.frame(date=c(1990:2040), score=teen_stats$standard_score, score.uper=teen_stats$standard_score+2, score.lower=teen_stats$standard_score-2)
hw <- HoltWinters(new, gamma = FALSE)
p <- predict(hw, n.ahead=3, prediction.interval=FALSE)
dygraph(new, "Teens Standard Scores Over Time") %>%
dySeries("date", label = "Date") %>%
dySeries(c("score.lower", "score", "score.uper"), label = "Scores")
library(magrittr)
library(highcharter)
per_hs_grads1990 <- c(65.9, 70.6, 68.5, 76.4, 63.1, 73, 78.5, 68.5, 56.6, 56.2, 60.8, 74.3, 76.7, 72.9, 72.2, 82.7, 78.4, 68.5, 58.7, 76.1, 70.5, 76.6, 62, 89.4, 63.8, 70.3, 86.4, 84.2, 76.5, 71.7, 77.2, 57.3, 60.4, 66.7, 86.9, 76.4, 77.2, 71.1, 71.7, 64.9, 58.2, 79.9, 68.7, 65.4, 79.5, 80.4, 69.9, 74.7, 78, 82.7, 85.1)
standard_score <- c(0.754, 0.188, 0.445, -0.502, 1.082, -0.097, -0.756, 0.443, 1.858, 1.915, 1.365, -0.252, -0.538, -0.08, 0.001, -1.255, -0.737, 0.447, 1.615, -0.46, 0.202, -0.521, 1.217, -2.053, 1.003, 0.226, -1.7, -1.431, -0.509, 0.061, -0.6, 1.785, 1.407, 0.654, -1.759, -0.505, -0.592, 0.134, 0.056, 0.873, 1.678, -0.922, 0.422, 0.809, -0.867, -0.983, 0.278, -0.303, -0.695, -1.255, -1.541)
total_births_under20 <- c(59736, 12844, 59348, 35221, 470951, 55123, 43988, 9618, 9870, 163816, 96340, 18307, 17567, 180737, 80946, 41221, 39679, 52885, 81458, 16903, 68015, 81780, 138021, 67412, 43449, 76978, 13494, 25551, 15325, 15453, 105566, 27757, 259465, 89397, 11721, 160474, 53137, 39486, 160528, 13033, 51900, 12130, 66757, 308164, 37451, 8036, 86052, 70230, 24132, 73743, 9366)
teen_stats <- data.frame(per_hs_grads1990, standard_score, total_births_under20)
highchart() %>%
hc_title(text="1984-1993 Teen Statistics") %>%
hc_add_series_scatter(teen_stats$per_hs_grads1990, teen_stats$standard_score, teen_stats$total_births_under20, color=teen_stats$per_hs_grads1990)
library(magrittr)
library(highcharter)
per_hs_grads1990 <- c(65.9, 70.6, 68.5, 76.4, 63.1, 73, 78.5, 68.5, 56.6, 56.2, 60.8, 74.3, 76.7, 72.9, 72.2, 82.7, 78.4, 68.5, 58.7, 76.1, 70.5, 76.6, 62, 89.4, 63.8, 70.3, 86.4, 84.2, 76.5, 71.7, 77.2, 57.3, 60.4, 66.7, 86.9, 76.4, 77.2, 71.1, 71.7, 64.9, 58.2, 79.9, 68.7, 65.4, 79.5, 80.4, 69.9, 74.7, 78, 82.7, 85.1)
standard_score <- c(0.754, 0.188, 0.445, -0.502, 1.082, -0.097, -0.756, 0.443, 1.858, 1.915, 1.365, -0.252, -0.538, -0.08, 0.001, -1.255, -0.737, 0.447, 1.615, -0.46, 0.202, -0.521, 1.217, -2.053, 1.003, 0.226, -1.7, -1.431, -0.509, 0.061, -0.6, 1.785, 1.407, 0.654, -1.759, -0.505, -0.592, 0.134, 0.056, 0.873, 1.678, -0.922, 0.422, 0.809, -0.867, -0.983, 0.278, -0.303, -0.695, -1.255, -1.541)
total_births_under20 <- c(59736, 12844, 59348, 35221, 470951, 55123, 43988, 9618, 9870, 163816, 96340, 18307, 17567, 180737, 80946, 41221, 39679, 52885, 81458, 16903, 68015, 81780, 138021, 67412, 43449, 76978, 13494, 25551, 15325, 15453, 105566, 27757, 259465, 89397, 11721, 160474, 53137, 39486, 160528, 13033, 51900, 12130, 66757, 308164, 37451, 8036, 86052, 70230, 24132, 73743, 9366)
teen_stats <- data.frame(per_hs_grads1990, standard_score, total_births_under20)
highchart() %>%
hc_title(text="1984-1993 Teen Statistics") %>%
hc_add_series_scatter(teen_stats$per_hs_grads1990, teen_stats$standard_score, teen_stats$total_births_under20, color=teen_stats$per_hs_grads1990)
highchart() %>%
hc_title(text="1984-1993 Teen Statistics") %>%
hc_add_series_scatter(teen_stats$per_hs_grads1990, teen_stats$standard_score, teen_stats$total_births_under20, color=teen_stats$per_hs_grads1990)%>%
hc_add_theme(hc_theme_monokai())
library(magrittr)
library(highcharter)
per_hs_grads1990 <- c(65.9, 70.6, 68.5, 76.4, 63.1, 73, 78.5, 68.5, 56.6, 56.2, 60.8, 74.3, 76.7, 72.9, 72.2, 82.7, 78.4, 68.5, 58.7, 76.1, 70.5, 76.6, 62, 89.4, 63.8, 70.3, 86.4, 84.2, 76.5, 71.7, 77.2, 57.3, 60.4, 66.7, 86.9, 76.4, 77.2, 71.1, 71.7, 64.9, 58.2, 79.9, 68.7, 65.4, 79.5, 80.4, 69.9, 74.7, 78, 82.7, 85.1)
standard_score <- c(0.754, 0.188, 0.445, -0.502, 1.082, -0.097, -0.756, 0.443, 1.858, 1.915, 1.365, -0.252, -0.538, -0.08, 0.001, -1.255, -0.737, 0.447, 1.615, -0.46, 0.202, -0.521, 1.217, -2.053, 1.003, 0.226, -1.7, -1.431, -0.509, 0.061, -0.6, 1.785, 1.407, 0.654, -1.759, -0.505, -0.592, 0.134, 0.056, 0.873, 1.678, -0.922, 0.422, 0.809, -0.867, -0.983, 0.278, -0.303, -0.695, -1.255, -1.541)
total_births_under20 <- c(59736, 12844, 59348, 35221, 470951, 55123, 43988, 9618, 9870, 163816, 96340, 18307, 17567, 180737, 80946, 41221, 39679, 52885, 81458, 16903, 68015, 81780, 138021, 67412, 43449, 76978, 13494, 25551, 15325, 15453, 105566, 27757, 259465, 89397, 11721, 160474, 53137, 39486, 160528, 13033, 51900, 12130, 66757, 308164, 37451, 8036, 86052, 70230, 24132, 73743, 9366)
teen_stats <- data.frame(per_hs_grads1990, standard_score, total_births_under20)
highchart() %>%
hc_title(text="1984-1993 Teen Statistics") %>%
hc_add_series_scatter(teen_stats$per_hs_grads1990, teen_stats$standard_score, teen_stats$total_births_under20, color=teen_stats$per_hs_grads1990)%>%
hc_add_theme(hc_theme_ffx())
library(magrittr)
library(highcharter)
per_hs_grads1990 <- c(65.9, 70.6, 68.5, 76.4, 63.1, 73, 78.5, 68.5, 56.6, 56.2, 60.8, 74.3, 76.7, 72.9, 72.2, 82.7, 78.4, 68.5, 58.7, 76.1, 70.5, 76.6, 62, 89.4, 63.8, 70.3, 86.4, 84.2, 76.5, 71.7, 77.2, 57.3, 60.4, 66.7, 86.9, 76.4, 77.2, 71.1, 71.7, 64.9, 58.2, 79.9, 68.7, 65.4, 79.5, 80.4, 69.9, 74.7, 78, 82.7, 85.1)
standard_score <- c(0.754, 0.188, 0.445, -0.502, 1.082, -0.097, -0.756, 0.443, 1.858, 1.915, 1.365, -0.252, -0.538, -0.08, 0.001, -1.255, -0.737, 0.447, 1.615, -0.46, 0.202, -0.521, 1.217, -2.053, 1.003, 0.226, -1.7, -1.431, -0.509, 0.061, -0.6, 1.785, 1.407, 0.654, -1.759, -0.505, -0.592, 0.134, 0.056, 0.873, 1.678, -0.922, 0.422, 0.809, -0.867, -0.983, 0.278, -0.303, -0.695, -1.255, -1.541)
total_births_under20 <- c(59736, 12844, 59348, 35221, 470951, 55123, 43988, 9618, 9870, 163816, 96340, 18307, 17567, 180737, 80946, 41221, 39679, 52885, 81458, 16903, 68015, 81780, 138021, 67412, 43449, 76978, 13494, 25551, 15325, 15453, 105566, 27757, 259465, 89397, 11721, 160474, 53137, 39486, 160528, 13033, 51900, 12130, 66757, 308164, 37451, 8036, 86052, 70230, 24132, 73743, 9366)
teen_stats <- data.frame(per_hs_grads1990, standard_score, total_births_under20)
highchart() %>%
hc_title(text="1984-1993 Teen Statistics") %>%
hc_add_series_scatter(teen_stats$per_hs_grads1990, teen_stats$standard_score, teen_stats$total_births_under20, color=teen_stats$per_hs_grads1990)%>%
hc_add_theme(hc_theme_ffx())
library("forecast")
install.packages("forecast")
library(magrittr)
library(highcharter)
per_hs_grads1990 <- c(65.9, 70.6, 68.5, 76.4, 63.1, 73, 78.5, 68.5, 56.6, 56.2, 60.8, 74.3, 76.7, 72.9, 72.2, 82.7, 78.4, 68.5, 58.7, 76.1, 70.5, 76.6, 62, 89.4, 63.8, 70.3, 86.4, 84.2, 76.5, 71.7, 77.2, 57.3, 60.4, 66.7, 86.9, 76.4, 77.2, 71.1, 71.7, 64.9, 58.2, 79.9, 68.7, 65.4, 79.5, 80.4, 69.9, 74.7, 78, 82.7, 85.1)
standard_score <- c(0.754, 0.188, 0.445, -0.502, 1.082, -0.097, -0.756, 0.443, 1.858, 1.915, 1.365, -0.252, -0.538, -0.08, 0.001, -1.255, -0.737, 0.447, 1.615, -0.46, 0.202, -0.521, 1.217, -2.053, 1.003, 0.226, -1.7, -1.431, -0.509, 0.061, -0.6, 1.785, 1.407, 0.654, -1.759, -0.505, -0.592, 0.134, 0.056, 0.873, 1.678, -0.922, 0.422, 0.809, -0.867, -0.983, 0.278, -0.303, -0.695, -1.255, -1.541)
total_births_under20 <- c(59736, 12844, 59348, 35221, 470951, 55123, 43988, 9618, 9870, 163816, 96340, 18307, 17567, 180737, 80946, 41221, 39679, 52885, 81458, 16903, 68015, 81780, 138021, 67412, 43449, 76978, 13494, 25551, 15325, 15453, 105566, 27757, 259465, 89397, 11721, 160474, 53137, 39486, 160528, 13033, 51900, 12130, 66757, 308164, 37451, 8036, 86052, 70230, 24132, 73743, 9366)
teen_stats <- data.frame(per_hs_grads1990, standard_score, total_births_under20)
highchart() %>%
hc_title(text="1984-1993 Teen Statistics") %>%
hc_add_series_scatter(teen_stats$per_hs_grads1990, teen_stats$standard_score, teen_stats$total_births_under20, color=teen_stats$per_hs_grads1990)%>%
hc_add_theme(hc_theme_ffx())
library("forecast")
x <- forecast(teen_stats$total_births_under20, h = 48, level = 95)
hchart(x)
library(magrittr)
library(highcharter)
per_hs_grads1990 <- c(65.9, 70.6, 68.5, 76.4, 63.1, 73, 78.5, 68.5, 56.6, 56.2, 60.8, 74.3, 76.7, 72.9, 72.2, 82.7, 78.4, 68.5, 58.7, 76.1, 70.5, 76.6, 62, 89.4, 63.8, 70.3, 86.4, 84.2, 76.5, 71.7, 77.2, 57.3, 60.4, 66.7, 86.9, 76.4, 77.2, 71.1, 71.7, 64.9, 58.2, 79.9, 68.7, 65.4, 79.5, 80.4, 69.9, 74.7, 78, 82.7, 85.1)
standard_score <- c(0.754, 0.188, 0.445, -0.502, 1.082, -0.097, -0.756, 0.443, 1.858, 1.915, 1.365, -0.252, -0.538, -0.08, 0.001, -1.255, -0.737, 0.447, 1.615, -0.46, 0.202, -0.521, 1.217, -2.053, 1.003, 0.226, -1.7, -1.431, -0.509, 0.061, -0.6, 1.785, 1.407, 0.654, -1.759, -0.505, -0.592, 0.134, 0.056, 0.873, 1.678, -0.922, 0.422, 0.809, -0.867, -0.983, 0.278, -0.303, -0.695, -1.255, -1.541)
total_births_under20 <- c(59736, 12844, 59348, 35221, 470951, 55123, 43988, 9618, 9870, 163816, 96340, 18307, 17567, 180737, 80946, 41221, 39679, 52885, 81458, 16903, 68015, 81780, 138021, 67412, 43449, 76978, 13494, 25551, 15325, 15453, 105566, 27757, 259465, 89397, 11721, 160474, 53137, 39486, 160528, 13033, 51900, 12130, 66757, 308164, 37451, 8036, 86052, 70230, 24132, 73743, 9366)
teen_stats <- data.frame(per_hs_grads1990, standard_score, total_births_under20)
highchart() %>%
hc_title(text="1984-1993 Teen Statistics") %>%
hc_add_series_scatter(teen_stats$per_hs_grads1990, teen_stats$standard_score, teen_stats$total_births_under20, color=teen_stats$per_hs_grads1990)%>%
hc_add_theme(hc_theme_ffx())
library("forecast")
x <- forecast(ets(teen_stats$total_births_under20), h = 48, level = 95)
hchart(x)
library(magrittr)
library(highcharter)
per_hs_grads1990 <- c(65.9, 70.6, 68.5, 76.4, 63.1, 73, 78.5, 68.5, 56.6, 56.2, 60.8, 74.3, 76.7, 72.9, 72.2, 82.7, 78.4, 68.5, 58.7, 76.1, 70.5, 76.6, 62, 89.4, 63.8, 70.3, 86.4, 84.2, 76.5, 71.7, 77.2, 57.3, 60.4, 66.7, 86.9, 76.4, 77.2, 71.1, 71.7, 64.9, 58.2, 79.9, 68.7, 65.4, 79.5, 80.4, 69.9, 74.7, 78, 82.7, 85.1)
standard_score <- c(0.754, 0.188, 0.445, -0.502, 1.082, -0.097, -0.756, 0.443, 1.858, 1.915, 1.365, -0.252, -0.538, -0.08, 0.001, -1.255, -0.737, 0.447, 1.615, -0.46, 0.202, -0.521, 1.217, -2.053, 1.003, 0.226, -1.7, -1.431, -0.509, 0.061, -0.6, 1.785, 1.407, 0.654, -1.759, -0.505, -0.592, 0.134, 0.056, 0.873, 1.678, -0.922, 0.422, 0.809, -0.867, -0.983, 0.278, -0.303, -0.695, -1.255, -1.541)
total_births_under20 <- c(59736, 12844, 59348, 35221, 470951, 55123, 43988, 9618, 9870, 163816, 96340, 18307, 17567, 180737, 80946, 41221, 39679, 52885, 81458, 16903, 68015, 81780, 138021, 67412, 43449, 76978, 13494, 25551, 15325, 15453, 105566, 27757, 259465, 89397, 11721, 160474, 53137, 39486, 160528, 13033, 51900, 12130, 66757, 308164, 37451, 8036, 86052, 70230, 24132, 73743, 9366)
teen_stats <- data.frame(per_hs_grads1990, standard_score, total_births_under20)
highchart() %>%
hc_title(text="1984-1993 Teen Statistics") %>%
hc_add_series_scatter(teen_stats$per_hs_grads1990, teen_stats$standard_score, teen_stats$total_births_under20, color=teen_stats$per_hs_grads1990)%>%
hc_add_theme(hc_theme_ffx())
library("forecast")
x <- forecast(ets(teen_stats$total_births_under20), h = 48, level = 30)
hchart(x)
library(magrittr)
library(highcharter)
per_hs_grads1990 <- c(65.9, 70.6, 68.5, 76.4, 63.1, 73, 78.5, 68.5, 56.6, 56.2, 60.8, 74.3, 76.7, 72.9, 72.2, 82.7, 78.4, 68.5, 58.7, 76.1, 70.5, 76.6, 62, 89.4, 63.8, 70.3, 86.4, 84.2, 76.5, 71.7, 77.2, 57.3, 60.4, 66.7, 86.9, 76.4, 77.2, 71.1, 71.7, 64.9, 58.2, 79.9, 68.7, 65.4, 79.5, 80.4, 69.9, 74.7, 78, 82.7, 85.1)
standard_score <- c(0.754, 0.188, 0.445, -0.502, 1.082, -0.097, -0.756, 0.443, 1.858, 1.915, 1.365, -0.252, -0.538, -0.08, 0.001, -1.255, -0.737, 0.447, 1.615, -0.46, 0.202, -0.521, 1.217, -2.053, 1.003, 0.226, -1.7, -1.431, -0.509, 0.061, -0.6, 1.785, 1.407, 0.654, -1.759, -0.505, -0.592, 0.134, 0.056, 0.873, 1.678, -0.922, 0.422, 0.809, -0.867, -0.983, 0.278, -0.303, -0.695, -1.255, -1.541)
total_births_under20 <- c(59736, 12844, 59348, 35221, 470951, 55123, 43988, 9618, 9870, 163816, 96340, 18307, 17567, 180737, 80946, 41221, 39679, 52885, 81458, 16903, 68015, 81780, 138021, 67412, 43449, 76978, 13494, 25551, 15325, 15453, 105566, 27757, 259465, 89397, 11721, 160474, 53137, 39486, 160528, 13033, 51900, 12130, 66757, 308164, 37451, 8036, 86052, 70230, 24132, 73743, 9366)
teen_stats <- data.frame(per_hs_grads1990, standard_score, total_births_under20)
highchart() %>%
hc_title(text="1984-1993 Teen Statistics") %>%
hc_add_series_scatter(teen_stats$per_hs_grads1990, teen_stats$standard_score, teen_stats$total_births_under20, color=teen_stats$per_hs_grads1990)%>%
hc_add_theme(hc_theme_ffx())
library("forecast")
x <- forecast(ets(teen_stats), h = 48, level = 30)
library(magrittr)
library(highcharter)
per_hs_grads1990 <- c(65.9, 70.6, 68.5, 76.4, 63.1, 73, 78.5, 68.5, 56.6, 56.2, 60.8, 74.3, 76.7, 72.9, 72.2, 82.7, 78.4, 68.5, 58.7, 76.1, 70.5, 76.6, 62, 89.4, 63.8, 70.3, 86.4, 84.2, 76.5, 71.7, 77.2, 57.3, 60.4, 66.7, 86.9, 76.4, 77.2, 71.1, 71.7, 64.9, 58.2, 79.9, 68.7, 65.4, 79.5, 80.4, 69.9, 74.7, 78, 82.7, 85.1)
standard_score <- c(0.754, 0.188, 0.445, -0.502, 1.082, -0.097, -0.756, 0.443, 1.858, 1.915, 1.365, -0.252, -0.538, -0.08, 0.001, -1.255, -0.737, 0.447, 1.615, -0.46, 0.202, -0.521, 1.217, -2.053, 1.003, 0.226, -1.7, -1.431, -0.509, 0.061, -0.6, 1.785, 1.407, 0.654, -1.759, -0.505, -0.592, 0.134, 0.056, 0.873, 1.678, -0.922, 0.422, 0.809, -0.867, -0.983, 0.278, -0.303, -0.695, -1.255, -1.541)
total_births_under20 <- c(59736, 12844, 59348, 35221, 470951, 55123, 43988, 9618, 9870, 163816, 96340, 18307, 17567, 180737, 80946, 41221, 39679, 52885, 81458, 16903, 68015, 81780, 138021, 67412, 43449, 76978, 13494, 25551, 15325, 15453, 105566, 27757, 259465, 89397, 11721, 160474, 53137, 39486, 160528, 13033, 51900, 12130, 66757, 308164, 37451, 8036, 86052, 70230, 24132, 73743, 9366)
teen_stats <- data.frame(per_hs_grads1990, standard_score, total_births_under20)
highchart() %>%
hc_title(text="1984-1993 Teen Statistics") %>%
hc_add_series_scatter(teen_stats$per_hs_grads1990, teen_stats$standard_score, teen_stats$total_births_under20, color=teen_stats$per_hs_grads1990)%>%
hc_add_theme(hc_theme_ffx())
library("forecast")
x <- forecast(ets(new), h = 48, level = 30)
library(magrittr)
library(highcharter)
per_hs_grads1990 <- c(65.9, 70.6, 68.5, 76.4, 63.1, 73, 78.5, 68.5, 56.6, 56.2, 60.8, 74.3, 76.7, 72.9, 72.2, 82.7, 78.4, 68.5, 58.7, 76.1, 70.5, 76.6, 62, 89.4, 63.8, 70.3, 86.4, 84.2, 76.5, 71.7, 77.2, 57.3, 60.4, 66.7, 86.9, 76.4, 77.2, 71.1, 71.7, 64.9, 58.2, 79.9, 68.7, 65.4, 79.5, 80.4, 69.9, 74.7, 78, 82.7, 85.1)
standard_score <- c(0.754, 0.188, 0.445, -0.502, 1.082, -0.097, -0.756, 0.443, 1.858, 1.915, 1.365, -0.252, -0.538, -0.08, 0.001, -1.255, -0.737, 0.447, 1.615, -0.46, 0.202, -0.521, 1.217, -2.053, 1.003, 0.226, -1.7, -1.431, -0.509, 0.061, -0.6, 1.785, 1.407, 0.654, -1.759, -0.505, -0.592, 0.134, 0.056, 0.873, 1.678, -0.922, 0.422, 0.809, -0.867, -0.983, 0.278, -0.303, -0.695, -1.255, -1.541)
total_births_under20 <- c(59736, 12844, 59348, 35221, 470951, 55123, 43988, 9618, 9870, 163816, 96340, 18307, 17567, 180737, 80946, 41221, 39679, 52885, 81458, 16903, 68015, 81780, 138021, 67412, 43449, 76978, 13494, 25551, 15325, 15453, 105566, 27757, 259465, 89397, 11721, 160474, 53137, 39486, 160528, 13033, 51900, 12130, 66757, 308164, 37451, 8036, 86052, 70230, 24132, 73743, 9366)
teen_stats <- data.frame(per_hs_grads1990, standard_score, total_births_under20)
highchart() %>%
hc_title(text="1984-1993 Teen Statistics") %>%
hc_add_series_scatter(teen_stats$per_hs_grads1990, teen_stats$standard_score, teen_stats$total_births_under20, color=teen_stats$per_hs_grads1990)%>%
hc_add_theme(hc_theme_ffx())
library("forecast")
x <- forecast(new, h = 48, level = 30)
library(magrittr)
library(highcharter)
per_hs_grads1990 <- c(65.9, 70.6, 68.5, 76.4, 63.1, 73, 78.5, 68.5, 56.6, 56.2, 60.8, 74.3, 76.7, 72.9, 72.2, 82.7, 78.4, 68.5, 58.7, 76.1, 70.5, 76.6, 62, 89.4, 63.8, 70.3, 86.4, 84.2, 76.5, 71.7, 77.2, 57.3, 60.4, 66.7, 86.9, 76.4, 77.2, 71.1, 71.7, 64.9, 58.2, 79.9, 68.7, 65.4, 79.5, 80.4, 69.9, 74.7, 78, 82.7, 85.1)
standard_score <- c(0.754, 0.188, 0.445, -0.502, 1.082, -0.097, -0.756, 0.443, 1.858, 1.915, 1.365, -0.252, -0.538, -0.08, 0.001, -1.255, -0.737, 0.447, 1.615, -0.46, 0.202, -0.521, 1.217, -2.053, 1.003, 0.226, -1.7, -1.431, -0.509, 0.061, -0.6, 1.785, 1.407, 0.654, -1.759, -0.505, -0.592, 0.134, 0.056, 0.873, 1.678, -0.922, 0.422, 0.809, -0.867, -0.983, 0.278, -0.303, -0.695, -1.255, -1.541)
total_births_under20 <- c(59736, 12844, 59348, 35221, 470951, 55123, 43988, 9618, 9870, 163816, 96340, 18307, 17567, 180737, 80946, 41221, 39679, 52885, 81458, 16903, 68015, 81780, 138021, 67412, 43449, 76978, 13494, 25551, 15325, 15453, 105566, 27757, 259465, 89397, 11721, 160474, 53137, 39486, 160528, 13033, 51900, 12130, 66757, 308164, 37451, 8036, 86052, 70230, 24132, 73743, 9366)
teen_stats <- data.frame(per_hs_grads1990, standard_score, total_births_under20)
highchart() %>%
hc_title(text="1984-1993 Teen Statistics") %>%
hc_add_series_scatter(teen_stats$per_hs_grads1990, teen_stats$standard_score, teen_stats$total_births_under20, color=teen_stats$per_hs_grads1990)%>%
hc_add_theme(hc_theme_ffx())
library("forecast")
x <- forecast(ets(new), h = 48, level = 30)
library(magrittr)
library(highcharter)
per_hs_grads1990 <- c(65.9, 70.6, 68.5, 76.4, 63.1, 73, 78.5, 68.5, 56.6, 56.2, 60.8, 74.3, 76.7, 72.9, 72.2, 82.7, 78.4, 68.5, 58.7, 76.1, 70.5, 76.6, 62, 89.4, 63.8, 70.3, 86.4, 84.2, 76.5, 71.7, 77.2, 57.3, 60.4, 66.7, 86.9, 76.4, 77.2, 71.1, 71.7, 64.9, 58.2, 79.9, 68.7, 65.4, 79.5, 80.4, 69.9, 74.7, 78, 82.7, 85.1)
standard_score <- c(0.754, 0.188, 0.445, -0.502, 1.082, -0.097, -0.756, 0.443, 1.858, 1.915, 1.365, -0.252, -0.538, -0.08, 0.001, -1.255, -0.737, 0.447, 1.615, -0.46, 0.202, -0.521, 1.217, -2.053, 1.003, 0.226, -1.7, -1.431, -0.509, 0.061, -0.6, 1.785, 1.407, 0.654, -1.759, -0.505, -0.592, 0.134, 0.056, 0.873, 1.678, -0.922, 0.422, 0.809, -0.867, -0.983, 0.278, -0.303, -0.695, -1.255, -1.541)
total_births_under20 <- c(59736, 12844, 59348, 35221, 470951, 55123, 43988, 9618, 9870, 163816, 96340, 18307, 17567, 180737, 80946, 41221, 39679, 52885, 81458, 16903, 68015, 81780, 138021, 67412, 43449, 76978, 13494, 25551, 15325, 15453, 105566, 27757, 259465, 89397, 11721, 160474, 53137, 39486, 160528, 13033, 51900, 12130, 66757, 308164, 37451, 8036, 86052, 70230, 24132, 73743, 9366)
teen_stats <- data.frame(per_hs_grads1990, standard_score, total_births_under20)
highchart() %>%
hc_title(text="1984-1993 Teen Statistics") %>%
hc_add_series_scatter(teen_stats$per_hs_grads1990, teen_stats$standard_score, teen_stats$total_births_under20, color=teen_stats$per_hs_grads1990)%>%
hc_add_theme(hc_theme_ffx())
library("forecast")
x <- forecast(ets(teen_stats$total_births_under20), h = 48, level = 100)
library(magrittr)
library(highcharter)
per_hs_grads1990 <- c(65.9, 70.6, 68.5, 76.4, 63.1, 73, 78.5, 68.5, 56.6, 56.2, 60.8, 74.3, 76.7, 72.9, 72.2, 82.7, 78.4, 68.5, 58.7, 76.1, 70.5, 76.6, 62, 89.4, 63.8, 70.3, 86.4, 84.2, 76.5, 71.7, 77.2, 57.3, 60.4, 66.7, 86.9, 76.4, 77.2, 71.1, 71.7, 64.9, 58.2, 79.9, 68.7, 65.4, 79.5, 80.4, 69.9, 74.7, 78, 82.7, 85.1)
standard_score <- c(0.754, 0.188, 0.445, -0.502, 1.082, -0.097, -0.756, 0.443, 1.858, 1.915, 1.365, -0.252, -0.538, -0.08, 0.001, -1.255, -0.737, 0.447, 1.615, -0.46, 0.202, -0.521, 1.217, -2.053, 1.003, 0.226, -1.7, -1.431, -0.509, 0.061, -0.6, 1.785, 1.407, 0.654, -1.759, -0.505, -0.592, 0.134, 0.056, 0.873, 1.678, -0.922, 0.422, 0.809, -0.867, -0.983, 0.278, -0.303, -0.695, -1.255, -1.541)
total_births_under20 <- c(59736, 12844, 59348, 35221, 470951, 55123, 43988, 9618, 9870, 163816, 96340, 18307, 17567, 180737, 80946, 41221, 39679, 52885, 81458, 16903, 68015, 81780, 138021, 67412, 43449, 76978, 13494, 25551, 15325, 15453, 105566, 27757, 259465, 89397, 11721, 160474, 53137, 39486, 160528, 13033, 51900, 12130, 66757, 308164, 37451, 8036, 86052, 70230, 24132, 73743, 9366)
teen_stats <- data.frame(per_hs_grads1990, standard_score, total_births_under20)
highchart() %>%
hc_title(text="1984-1993 Teen Statistics") %>%
hc_add_series_scatter(teen_stats$per_hs_grads1990, teen_stats$standard_score, teen_stats$total_births_under20, color=teen_stats$per_hs_grads1990)%>%
hc_add_theme(hc_theme_ffx())
library("forecast")
x <- forecast(ets(teen_stats$total_births_under20), h = 48, level = 90)
hchart(x)
library(magrittr)
library(highcharter)
per_hs_grads1990 <- c(65.9, 70.6, 68.5, 76.4, 63.1, 73, 78.5, 68.5, 56.6, 56.2, 60.8, 74.3, 76.7, 72.9, 72.2, 82.7, 78.4, 68.5, 58.7, 76.1, 70.5, 76.6, 62, 89.4, 63.8, 70.3, 86.4, 84.2, 76.5, 71.7, 77.2, 57.3, 60.4, 66.7, 86.9, 76.4, 77.2, 71.1, 71.7, 64.9, 58.2, 79.9, 68.7, 65.4, 79.5, 80.4, 69.9, 74.7, 78, 82.7, 85.1)
standard_score <- c(0.754, 0.188, 0.445, -0.502, 1.082, -0.097, -0.756, 0.443, 1.858, 1.915, 1.365, -0.252, -0.538, -0.08, 0.001, -1.255, -0.737, 0.447, 1.615, -0.46, 0.202, -0.521, 1.217, -2.053, 1.003, 0.226, -1.7, -1.431, -0.509, 0.061, -0.6, 1.785, 1.407, 0.654, -1.759, -0.505, -0.592, 0.134, 0.056, 0.873, 1.678, -0.922, 0.422, 0.809, -0.867, -0.983, 0.278, -0.303, -0.695, -1.255, -1.541)
total_births_under20 <- c(59736, 12844, 59348, 35221, 470951, 55123, 43988, 9618, 9870, 163816, 96340, 18307, 17567, 180737, 80946, 41221, 39679, 52885, 81458, 16903, 68015, 81780, 138021, 67412, 43449, 76978, 13494, 25551, 15325, 15453, 105566, 27757, 259465, 89397, 11721, 160474, 53137, 39486, 160528, 13033, 51900, 12130, 66757, 308164, 37451, 8036, 86052, 70230, 24132, 73743, 9366)
teen_stats <- data.frame(per_hs_grads1990, standard_score, total_births_under20)
highchart() %>%
hc_title(text="1984-1993 Teen Statistics") %>%
hc_add_series_scatter(teen_stats$per_hs_grads1990, teen_stats$standard_score, teen_stats$total_births_under20, color=teen_stats$per_hs_grads1990)%>%
hc_add_theme(hc_theme_ffx())
library("forecast")
x <- forecast(ets(teen_stats$total_births_under20), h = 36, level = 90)
hchart(x)
library(magrittr)
library(highcharter)
per_hs_grads1990 <- c(65.9, 70.6, 68.5, 76.4, 63.1, 73, 78.5, 68.5, 56.6, 56.2, 60.8, 74.3, 76.7, 72.9, 72.2, 82.7, 78.4, 68.5, 58.7, 76.1, 70.5, 76.6, 62, 89.4, 63.8, 70.3, 86.4, 84.2, 76.5, 71.7, 77.2, 57.3, 60.4, 66.7, 86.9, 76.4, 77.2, 71.1, 71.7, 64.9, 58.2, 79.9, 68.7, 65.4, 79.5, 80.4, 69.9, 74.7, 78, 82.7, 85.1)
standard_score <- c(0.754, 0.188, 0.445, -0.502, 1.082, -0.097, -0.756, 0.443, 1.858, 1.915, 1.365, -0.252, -0.538, -0.08, 0.001, -1.255, -0.737, 0.447, 1.615, -0.46, 0.202, -0.521, 1.217, -2.053, 1.003, 0.226, -1.7, -1.431, -0.509, 0.061, -0.6, 1.785, 1.407, 0.654, -1.759, -0.505, -0.592, 0.134, 0.056, 0.873, 1.678, -0.922, 0.422, 0.809, -0.867, -0.983, 0.278, -0.303, -0.695, -1.255, -1.541)
total_births_under20 <- c(59736, 12844, 59348, 35221, 470951, 55123, 43988, 9618, 9870, 163816, 96340, 18307, 17567, 180737, 80946, 41221, 39679, 52885, 81458, 16903, 68015, 81780, 138021, 67412, 43449, 76978, 13494, 25551, 15325, 15453, 105566, 27757, 259465, 89397, 11721, 160474, 53137, 39486, 160528, 13033, 51900, 12130, 66757, 308164, 37451, 8036, 86052, 70230, 24132, 73743, 9366)
teen_stats <- data.frame(per_hs_grads1990, standard_score, total_births_under20)
highchart() %>%
hc_title(text="1984-1993 Teen Statistics") %>%
hc_add_series_scatter(teen_stats$per_hs_grads1990, teen_stats$standard_score, teen_stats$total_births_under20, color=teen_stats$per_hs_grads1990)%>%
hc_add_theme(hc_theme_ffx())
library("forecast")
new <- data.frame(date=c(1990:2040), score=teen_stats$standard_score)
x <- forecast(ets(new), h = 36, level = 90)
library(magrittr)
library(highcharter)
per_hs_grads1990 <- c(65.9, 70.6, 68.5, 76.4, 63.1, 73, 78.5, 68.5, 56.6, 56.2, 60.8, 74.3, 76.7, 72.9, 72.2, 82.7, 78.4, 68.5, 58.7, 76.1, 70.5, 76.6, 62, 89.4, 63.8, 70.3, 86.4, 84.2, 76.5, 71.7, 77.2, 57.3, 60.4, 66.7, 86.9, 76.4, 77.2, 71.1, 71.7, 64.9, 58.2, 79.9, 68.7, 65.4, 79.5, 80.4, 69.9, 74.7, 78, 82.7, 85.1)
standard_score <- c(0.754, 0.188, 0.445, -0.502, 1.082, -0.097, -0.756, 0.443, 1.858, 1.915, 1.365, -0.252, -0.538, -0.08, 0.001, -1.255, -0.737, 0.447, 1.615, -0.46, 0.202, -0.521, 1.217, -2.053, 1.003, 0.226, -1.7, -1.431, -0.509, 0.061, -0.6, 1.785, 1.407, 0.654, -1.759, -0.505, -0.592, 0.134, 0.056, 0.873, 1.678, -0.922, 0.422, 0.809, -0.867, -0.983, 0.278, -0.303, -0.695, -1.255, -1.541)
total_births_under20 <- c(59736, 12844, 59348, 35221, 470951, 55123, 43988, 9618, 9870, 163816, 96340, 18307, 17567, 180737, 80946, 41221, 39679, 52885, 81458, 16903, 68015, 81780, 138021, 67412, 43449, 76978, 13494, 25551, 15325, 15453, 105566, 27757, 259465, 89397, 11721, 160474, 53137, 39486, 160528, 13033, 51900, 12130, 66757, 308164, 37451, 8036, 86052, 70230, 24132, 73743, 9366)
teen_stats <- data.frame(per_hs_grads1990, standard_score, total_births_under20)
highchart() %>%
hc_title(text="1984-1993 Teen Statistics") %>%
hc_add_series_scatter(teen_stats$per_hs_grads1990, teen_stats$standard_score, teen_stats$total_births_under20, color=teen_stats$per_hs_grads1990)%>%
hc_add_theme(hc_theme_ffx())
library("forecast")
new <- data.frame(date=c(1990:2040), score=teen_stats$standard_score)
x <- forecast(new, h = 36, level = 90)
View(new)
library(magrittr)
library(highcharter)
per_hs_grads1990 <- c(65.9, 70.6, 68.5, 76.4, 63.1, 73, 78.5, 68.5, 56.6, 56.2, 60.8, 74.3, 76.7, 72.9, 72.2, 82.7, 78.4, 68.5, 58.7, 76.1, 70.5, 76.6, 62, 89.4, 63.8, 70.3, 86.4, 84.2, 76.5, 71.7, 77.2, 57.3, 60.4, 66.7, 86.9, 76.4, 77.2, 71.1, 71.7, 64.9, 58.2, 79.9, 68.7, 65.4, 79.5, 80.4, 69.9, 74.7, 78, 82.7, 85.1)
standard_score <- c(0.754, 0.188, 0.445, -0.502, 1.082, -0.097, -0.756, 0.443, 1.858, 1.915, 1.365, -0.252, -0.538, -0.08, 0.001, -1.255, -0.737, 0.447, 1.615, -0.46, 0.202, -0.521, 1.217, -2.053, 1.003, 0.226, -1.7, -1.431, -0.509, 0.061, -0.6, 1.785, 1.407, 0.654, -1.759, -0.505, -0.592, 0.134, 0.056, 0.873, 1.678, -0.922, 0.422, 0.809, -0.867, -0.983, 0.278, -0.303, -0.695, -1.255, -1.541)
total_births_under20 <- c(59736, 12844, 59348, 35221, 470951, 55123, 43988, 9618, 9870, 163816, 96340, 18307, 17567, 180737, 80946, 41221, 39679, 52885, 81458, 16903, 68015, 81780, 138021, 67412, 43449, 76978, 13494, 25551, 15325, 15453, 105566, 27757, 259465, 89397, 11721, 160474, 53137, 39486, 160528, 13033, 51900, 12130, 66757, 308164, 37451, 8036, 86052, 70230, 24132, 73743, 9366)
teen_stats <- data.frame(per_hs_grads1990, standard_score, total_births_under20)
highchart() %>%
hc_title(text="1984-1993 Teen Statistics") %>%
hc_add_series_scatter(teen_stats$per_hs_grads1990, teen_stats$standard_score, teen_stats$total_births_under20, color=teen_stats$per_hs_grads1990)%>%
hc_add_theme(hc_theme_ffx())
library("forecast")
new <- data.frame(date=c(1990:2040), score=teen_stats$standard_score)
x <- forecast(ets(new), h = 36, level = 90)
library(magrittr)
library(highcharter)
per_hs_grads1990 <- c(65.9, 70.6, 68.5, 76.4, 63.1, 73, 78.5, 68.5, 56.6, 56.2, 60.8, 74.3, 76.7, 72.9, 72.2, 82.7, 78.4, 68.5, 58.7, 76.1, 70.5, 76.6, 62, 89.4, 63.8, 70.3, 86.4, 84.2, 76.5, 71.7, 77.2, 57.3, 60.4, 66.7, 86.9, 76.4, 77.2, 71.1, 71.7, 64.9, 58.2, 79.9, 68.7, 65.4, 79.5, 80.4, 69.9, 74.7, 78, 82.7, 85.1)
standard_score <- c(0.754, 0.188, 0.445, -0.502, 1.082, -0.097, -0.756, 0.443, 1.858, 1.915, 1.365, -0.252, -0.538, -0.08, 0.001, -1.255, -0.737, 0.447, 1.615, -0.46, 0.202, -0.521, 1.217, -2.053, 1.003, 0.226, -1.7, -1.431, -0.509, 0.061, -0.6, 1.785, 1.407, 0.654, -1.759, -0.505, -0.592, 0.134, 0.056, 0.873, 1.678, -0.922, 0.422, 0.809, -0.867, -0.983, 0.278, -0.303, -0.695, -1.255, -1.541)
total_births_under20 <- c(59736, 12844, 59348, 35221, 470951, 55123, 43988, 9618, 9870, 163816, 96340, 18307, 17567, 180737, 80946, 41221, 39679, 52885, 81458, 16903, 68015, 81780, 138021, 67412, 43449, 76978, 13494, 25551, 15325, 15453, 105566, 27757, 259465, 89397, 11721, 160474, 53137, 39486, 160528, 13033, 51900, 12130, 66757, 308164, 37451, 8036, 86052, 70230, 24132, 73743, 9366)
teen_stats <- data.frame(per_hs_grads1990, standard_score, total_births_under20)
highchart() %>%
hc_title(text="1984-1993 Teen Statistics") %>%
hc_add_series_scatter(teen_stats$per_hs_grads1990, teen_stats$standard_score, teen_stats$total_births_under20, color=teen_stats$per_hs_grads1990)%>%
hc_add_theme(hc_theme_ffx())
library("forecast")
new <- data.frame(date=c(1990:2040), score=teen_stats$standard_score)
x <- forecast(ets(new), h = 36, level = 90)
library(magrittr)
library(highcharter)
per_hs_grads1990 <- c(65.9, 70.6, 68.5, 76.4, 63.1, 73, 78.5, 68.5, 56.6, 56.2, 60.8, 74.3, 76.7, 72.9, 72.2, 82.7, 78.4, 68.5, 58.7, 76.1, 70.5, 76.6, 62, 89.4, 63.8, 70.3, 86.4, 84.2, 76.5, 71.7, 77.2, 57.3, 60.4, 66.7, 86.9, 76.4, 77.2, 71.1, 71.7, 64.9, 58.2, 79.9, 68.7, 65.4, 79.5, 80.4, 69.9, 74.7, 78, 82.7, 85.1)
standard_score <- c(0.754, 0.188, 0.445, -0.502, 1.082, -0.097, -0.756, 0.443, 1.858, 1.915, 1.365, -0.252, -0.538, -0.08, 0.001, -1.255, -0.737, 0.447, 1.615, -0.46, 0.202, -0.521, 1.217, -2.053, 1.003, 0.226, -1.7, -1.431, -0.509, 0.061, -0.6, 1.785, 1.407, 0.654, -1.759, -0.505, -0.592, 0.134, 0.056, 0.873, 1.678, -0.922, 0.422, 0.809, -0.867, -0.983, 0.278, -0.303, -0.695, -1.255, -1.541)
total_births_under20 <- c(59736, 12844, 59348, 35221, 470951, 55123, 43988, 9618, 9870, 163816, 96340, 18307, 17567, 180737, 80946, 41221, 39679, 52885, 81458, 16903, 68015, 81780, 138021, 67412, 43449, 76978, 13494, 25551, 15325, 15453, 105566, 27757, 259465, 89397, 11721, 160474, 53137, 39486, 160528, 13033, 51900, 12130, 66757, 308164, 37451, 8036, 86052, 70230, 24132, 73743, 9366)
teen_stats <- data.frame(per_hs_grads1990, standard_score, total_births_under20)
highchart() %>%
hc_title(text="1984-1993 Teen Statistics") %>%
hc_add_series_scatter(teen_stats$per_hs_grads1990, teen_stats$standard_score, teen_stats$total_births_under20, color=teen_stats$per_hs_grads1990)%>%
hc_add_theme(hc_theme_ffx())
library("forecast")
new <- data.frame(date=c(1990:2040), score=teen_stats$standard_score)
x <- forecast(teen_stats$standard_score, h = 36, level = 90)
hchart(x)
library(magrittr)
library(highcharter)
per_hs_grads1990 <- c(65.9, 70.6, 68.5, 76.4, 63.1, 73, 78.5, 68.5, 56.6, 56.2, 60.8, 74.3, 76.7, 72.9, 72.2, 82.7, 78.4, 68.5, 58.7, 76.1, 70.5, 76.6, 62, 89.4, 63.8, 70.3, 86.4, 84.2, 76.5, 71.7, 77.2, 57.3, 60.4, 66.7, 86.9, 76.4, 77.2, 71.1, 71.7, 64.9, 58.2, 79.9, 68.7, 65.4, 79.5, 80.4, 69.9, 74.7, 78, 82.7, 85.1)
standard_score <- c(0.754, 0.188, 0.445, -0.502, 1.082, -0.097, -0.756, 0.443, 1.858, 1.915, 1.365, -0.252, -0.538, -0.08, 0.001, -1.255, -0.737, 0.447, 1.615, -0.46, 0.202, -0.521, 1.217, -2.053, 1.003, 0.226, -1.7, -1.431, -0.509, 0.061, -0.6, 1.785, 1.407, 0.654, -1.759, -0.505, -0.592, 0.134, 0.056, 0.873, 1.678, -0.922, 0.422, 0.809, -0.867, -0.983, 0.278, -0.303, -0.695, -1.255, -1.541)
total_births_under20 <- c(59736, 12844, 59348, 35221, 470951, 55123, 43988, 9618, 9870, 163816, 96340, 18307, 17567, 180737, 80946, 41221, 39679, 52885, 81458, 16903, 68015, 81780, 138021, 67412, 43449, 76978, 13494, 25551, 15325, 15453, 105566, 27757, 259465, 89397, 11721, 160474, 53137, 39486, 160528, 13033, 51900, 12130, 66757, 308164, 37451, 8036, 86052, 70230, 24132, 73743, 9366)
teen_stats <- data.frame(per_hs_grads1990, standard_score, total_births_under20)
highchart() %>%
hc_title(text="1984-1993 Teen Statistics") %>%
hc_add_series_scatter(teen_stats$per_hs_grads1990, teen_stats$standard_score, teen_stats$total_births_under20, color=teen_stats$per_hs_grads1990)%>%
hc_add_theme(hc_theme_ffx())
library("forecast")
new <- data.frame(date=c(1990:2040), score=teen_stats$standard_score)
x <- forecast(teen_stats, h = 36, level = 90)
library(magrittr)
library(highcharter)
per_hs_grads1990 <- c(65.9, 70.6, 68.5, 76.4, 63.1, 73, 78.5, 68.5, 56.6, 56.2, 60.8, 74.3, 76.7, 72.9, 72.2, 82.7, 78.4, 68.5, 58.7, 76.1, 70.5, 76.6, 62, 89.4, 63.8, 70.3, 86.4, 84.2, 76.5, 71.7, 77.2, 57.3, 60.4, 66.7, 86.9, 76.4, 77.2, 71.1, 71.7, 64.9, 58.2, 79.9, 68.7, 65.4, 79.5, 80.4, 69.9, 74.7, 78, 82.7, 85.1)
standard_score <- c(0.754, 0.188, 0.445, -0.502, 1.082, -0.097, -0.756, 0.443, 1.858, 1.915, 1.365, -0.252, -0.538, -0.08, 0.001, -1.255, -0.737, 0.447, 1.615, -0.46, 0.202, -0.521, 1.217, -2.053, 1.003, 0.226, -1.7, -1.431, -0.509, 0.061, -0.6, 1.785, 1.407, 0.654, -1.759, -0.505, -0.592, 0.134, 0.056, 0.873, 1.678, -0.922, 0.422, 0.809, -0.867, -0.983, 0.278, -0.303, -0.695, -1.255, -1.541)
total_births_under20 <- c(59736, 12844, 59348, 35221, 470951, 55123, 43988, 9618, 9870, 163816, 96340, 18307, 17567, 180737, 80946, 41221, 39679, 52885, 81458, 16903, 68015, 81780, 138021, 67412, 43449, 76978, 13494, 25551, 15325, 15453, 105566, 27757, 259465, 89397, 11721, 160474, 53137, 39486, 160528, 13033, 51900, 12130, 66757, 308164, 37451, 8036, 86052, 70230, 24132, 73743, 9366)
teen_stats <- data.frame(per_hs_grads1990, standard_score, total_births_under20)
highchart() %>%
hc_title(text="1984-1993 Teen Statistics") %>%
hc_add_series_scatter(teen_stats$per_hs_grads1990, teen_stats$standard_score, teen_stats$total_births_under20, color=teen_stats$per_hs_grads1990)%>%
hc_add_theme(hc_theme_ffx())
library("forecast")
new <- data.frame(date=c(1990:2040), score=teen_stats$standard_score)
x <- forecast(teen_stats$per_hs_grads1990, h = 36, level = 90)
hchart(x)
library(magrittr)
library(highcharter)
per_hs_grads1990 <- c(65.9, 70.6, 68.5, 76.4, 63.1, 73, 78.5, 68.5, 56.6, 56.2, 60.8, 74.3, 76.7, 72.9, 72.2, 82.7, 78.4, 68.5, 58.7, 76.1, 70.5, 76.6, 62, 89.4, 63.8, 70.3, 86.4, 84.2, 76.5, 71.7, 77.2, 57.3, 60.4, 66.7, 86.9, 76.4, 77.2, 71.1, 71.7, 64.9, 58.2, 79.9, 68.7, 65.4, 79.5, 80.4, 69.9, 74.7, 78, 82.7, 85.1)
standard_score <- c(0.754, 0.188, 0.445, -0.502, 1.082, -0.097, -0.756, 0.443, 1.858, 1.915, 1.365, -0.252, -0.538, -0.08, 0.001, -1.255, -0.737, 0.447, 1.615, -0.46, 0.202, -0.521, 1.217, -2.053, 1.003, 0.226, -1.7, -1.431, -0.509, 0.061, -0.6, 1.785, 1.407, 0.654, -1.759, -0.505, -0.592, 0.134, 0.056, 0.873, 1.678, -0.922, 0.422, 0.809, -0.867, -0.983, 0.278, -0.303, -0.695, -1.255, -1.541)
total_births_under20 <- c(59736, 12844, 59348, 35221, 470951, 55123, 43988, 9618, 9870, 163816, 96340, 18307, 17567, 180737, 80946, 41221, 39679, 52885, 81458, 16903, 68015, 81780, 138021, 67412, 43449, 76978, 13494, 25551, 15325, 15453, 105566, 27757, 259465, 89397, 11721, 160474, 53137, 39486, 160528, 13033, 51900, 12130, 66757, 308164, 37451, 8036, 86052, 70230, 24132, 73743, 9366)
teen_stats <- data.frame(per_hs_grads1990, standard_score, total_births_under20)
highchart() %>%
hc_title(text="1984-1993 Teen Statistics") %>%
hc_add_series_scatter(teen_stats$per_hs_grads1990, teen_stats$standard_score, teen_stats$total_births_under20, color=teen_stats$per_hs_grads1990)%>%
hc_add_theme(hc_theme_ffx())
library("forecast")
new <- data.frame(date=c(1990:2040), score=teen_stats$standard_score)
x <- forecast(teen_stats$per_hs_grads1990, h = 36, level = 90)
hchart(x)
library(magrittr)
library(highcharter)
per_hs_grads1990 <- c(65.9, 70.6, 68.5, 76.4, 63.1, 73, 78.5, 68.5, 56.6, 56.2, 60.8, 74.3, 76.7, 72.9, 72.2, 82.7, 78.4, 68.5, 58.7, 76.1, 70.5, 76.6, 62, 89.4, 63.8, 70.3, 86.4, 84.2, 76.5, 71.7, 77.2, 57.3, 60.4, 66.7, 86.9, 76.4, 77.2, 71.1, 71.7, 64.9, 58.2, 79.9, 68.7, 65.4, 79.5, 80.4, 69.9, 74.7, 78, 82.7, 85.1)
standard_score <- c(0.754, 0.188, 0.445, -0.502, 1.082, -0.097, -0.756, 0.443, 1.858, 1.915, 1.365, -0.252, -0.538, -0.08, 0.001, -1.255, -0.737, 0.447, 1.615, -0.46, 0.202, -0.521, 1.217, -2.053, 1.003, 0.226, -1.7, -1.431, -0.509, 0.061, -0.6, 1.785, 1.407, 0.654, -1.759, -0.505, -0.592, 0.134, 0.056, 0.873, 1.678, -0.922, 0.422, 0.809, -0.867, -0.983, 0.278, -0.303, -0.695, -1.255, -1.541)
total_births_under20 <- c(59736, 12844, 59348, 35221, 470951, 55123, 43988, 9618, 9870, 163816, 96340, 18307, 17567, 180737, 80946, 41221, 39679, 52885, 81458, 16903, 68015, 81780, 138021, 67412, 43449, 76978, 13494, 25551, 15325, 15453, 105566, 27757, 259465, 89397, 11721, 160474, 53137, 39486, 160528, 13033, 51900, 12130, 66757, 308164, 37451, 8036, 86052, 70230, 24132, 73743, 9366)
teen_stats <- data.frame(per_hs_grads1990, standard_score, total_births_under20)
highchart() %>%
hc_title(text="1984-1993 Teen Statistics") %>%
hc_add_series_scatter(teen_stats$per_hs_grads1990, teen_stats$standard_score, teen_stats$total_births_under20, color=teen_stats$per_hs_grads1990)%>%
hc_add_theme(hc_theme_ffx())
library("forecast")
new <- data.frame(date=c(1990:2040), score=teen_stats$standard_score)
x <- forecast(teen_stats$per_hs_grads1990, h = 36, level = 90)
hchart(x)
x <- acf(diff(teen_stats), plot = FALSE)
library(magrittr)
library(highcharter)
per_hs_grads1990 <- c(65.9, 70.6, 68.5, 76.4, 63.1, 73, 78.5, 68.5, 56.6, 56.2, 60.8, 74.3, 76.7, 72.9, 72.2, 82.7, 78.4, 68.5, 58.7, 76.1, 70.5, 76.6, 62, 89.4, 63.8, 70.3, 86.4, 84.2, 76.5, 71.7, 77.2, 57.3, 60.4, 66.7, 86.9, 76.4, 77.2, 71.1, 71.7, 64.9, 58.2, 79.9, 68.7, 65.4, 79.5, 80.4, 69.9, 74.7, 78, 82.7, 85.1)
standard_score <- c(0.754, 0.188, 0.445, -0.502, 1.082, -0.097, -0.756, 0.443, 1.858, 1.915, 1.365, -0.252, -0.538, -0.08, 0.001, -1.255, -0.737, 0.447, 1.615, -0.46, 0.202, -0.521, 1.217, -2.053, 1.003, 0.226, -1.7, -1.431, -0.509, 0.061, -0.6, 1.785, 1.407, 0.654, -1.759, -0.505, -0.592, 0.134, 0.056, 0.873, 1.678, -0.922, 0.422, 0.809, -0.867, -0.983, 0.278, -0.303, -0.695, -1.255, -1.541)
total_births_under20 <- c(59736, 12844, 59348, 35221, 470951, 55123, 43988, 9618, 9870, 163816, 96340, 18307, 17567, 180737, 80946, 41221, 39679, 52885, 81458, 16903, 68015, 81780, 138021, 67412, 43449, 76978, 13494, 25551, 15325, 15453, 105566, 27757, 259465, 89397, 11721, 160474, 53137, 39486, 160528, 13033, 51900, 12130, 66757, 308164, 37451, 8036, 86052, 70230, 24132, 73743, 9366)
teen_stats <- data.frame(per_hs_grads1990, standard_score, total_births_under20)
highchart() %>%
hc_title(text="1984-1993 Teen Statistics") %>%
hc_add_series_scatter(teen_stats$per_hs_grads1990, teen_stats$standard_score, teen_stats$total_births_under20, color=teen_stats$per_hs_grads1990)%>%
hc_add_theme(hc_theme_ffx())
library("forecast")
new <- data.frame(date=c(1990:2040), score=teen_stats$standard_score)
x <- forecast(teen_stats$per_hs_grads1990, h = 36, level = 90)
hchart(x)
x <- acf(diff(teen_stats$total_births_under20), plot = FALSE)
hchart(x)
library(magrittr)
library(highcharter)
per_hs_grads1990 <- c(65.9, 70.6, 68.5, 76.4, 63.1, 73, 78.5, 68.5, 56.6, 56.2, 60.8, 74.3, 76.7, 72.9, 72.2, 82.7, 78.4, 68.5, 58.7, 76.1, 70.5, 76.6, 62, 89.4, 63.8, 70.3, 86.4, 84.2, 76.5, 71.7, 77.2, 57.3, 60.4, 66.7, 86.9, 76.4, 77.2, 71.1, 71.7, 64.9, 58.2, 79.9, 68.7, 65.4, 79.5, 80.4, 69.9, 74.7, 78, 82.7, 85.1)
standard_score <- c(0.754, 0.188, 0.445, -0.502, 1.082, -0.097, -0.756, 0.443, 1.858, 1.915, 1.365, -0.252, -0.538, -0.08, 0.001, -1.255, -0.737, 0.447, 1.615, -0.46, 0.202, -0.521, 1.217, -2.053, 1.003, 0.226, -1.7, -1.431, -0.509, 0.061, -0.6, 1.785, 1.407, 0.654, -1.759, -0.505, -0.592, 0.134, 0.056, 0.873, 1.678, -0.922, 0.422, 0.809, -0.867, -0.983, 0.278, -0.303, -0.695, -1.255, -1.541)
total_births_under20 <- c(59736, 12844, 59348, 35221, 470951, 55123, 43988, 9618, 9870, 163816, 96340, 18307, 17567, 180737, 80946, 41221, 39679, 52885, 81458, 16903, 68015, 81780, 138021, 67412, 43449, 76978, 13494, 25551, 15325, 15453, 105566, 27757, 259465, 89397, 11721, 160474, 53137, 39486, 160528, 13033, 51900, 12130, 66757, 308164, 37451, 8036, 86052, 70230, 24132, 73743, 9366)
teen_stats <- data.frame(per_hs_grads1990, standard_score, total_births_under20)
highchart() %>%
hc_title(text="1984-1993 Teen Statistics") %>%
hc_add_series_scatter(teen_stats$per_hs_grads1990, teen_stats$standard_score, teen_stats$total_births_under20, color=teen_stats$per_hs_grads1990)%>%
hc_add_theme(hc_theme_ffx())
library("forecast")
new <- data.frame(date=c(1990:2040), score=teen_stats$standard_score)
x <- forecast(teen_stats$per_hs_grads1990, h = 36, level = 90)
hchart(x)
x <- acf(diff(teen_stats$total_births_under20), plot = FALSE)
hchart(x)
library(magrittr)
library(highcharter)
per_hs_grads1990 <- c(65.9, 70.6, 68.5, 76.4, 63.1, 73, 78.5, 68.5, 56.6, 56.2, 60.8, 74.3, 76.7, 72.9, 72.2, 82.7, 78.4, 68.5, 58.7, 76.1, 70.5, 76.6, 62, 89.4, 63.8, 70.3, 86.4, 84.2, 76.5, 71.7, 77.2, 57.3, 60.4, 66.7, 86.9, 76.4, 77.2, 71.1, 71.7, 64.9, 58.2, 79.9, 68.7, 65.4, 79.5, 80.4, 69.9, 74.7, 78, 82.7, 85.1)
standard_score <- c(0.754, 0.188, 0.445, -0.502, 1.082, -0.097, -0.756, 0.443, 1.858, 1.915, 1.365, -0.252, -0.538, -0.08, 0.001, -1.255, -0.737, 0.447, 1.615, -0.46, 0.202, -0.521, 1.217, -2.053, 1.003, 0.226, -1.7, -1.431, -0.509, 0.061, -0.6, 1.785, 1.407, 0.654, -1.759, -0.505, -0.592, 0.134, 0.056, 0.873, 1.678, -0.922, 0.422, 0.809, -0.867, -0.983, 0.278, -0.303, -0.695, -1.255, -1.541)
total_births_under20 <- c(59736, 12844, 59348, 35221, 470951, 55123, 43988, 9618, 9870, 163816, 96340, 18307, 17567, 180737, 80946, 41221, 39679, 52885, 81458, 16903, 68015, 81780, 138021, 67412, 43449, 76978, 13494, 25551, 15325, 15453, 105566, 27757, 259465, 89397, 11721, 160474, 53137, 39486, 160528, 13033, 51900, 12130, 66757, 308164, 37451, 8036, 86052, 70230, 24132, 73743, 9366)
teen_stats <- data.frame(per_hs_grads1990, standard_score, total_births_under20)
highchart() %>%
hc_title(text="1984-1993 Teen Statistics") %>%
hc_add_series_scatter(teen_stats$per_hs_grads1990, teen_stats$standard_score, teen_stats$total_births_under20, color=teen_stats$per_hs_grads1990)%>%
hc_add_theme(hc_theme_ffx())
library("forecast")
new <- data.frame(date=c(1990:2040), score=teen_stats$standard_score)
x <- forecast(teen_stats$per_hs_grads1990, h = 36, level = 90)
hchart(x)
x <- acf(diff(teen_stats$standard_score), plot = FALSE)
hchart(x)
library(magrittr)
library(highcharter)
per_hs_grads1990 <- c(65.9, 70.6, 68.5, 76.4, 63.1, 73, 78.5, 68.5, 56.6, 56.2, 60.8, 74.3, 76.7, 72.9, 72.2, 82.7, 78.4, 68.5, 58.7, 76.1, 70.5, 76.6, 62, 89.4, 63.8, 70.3, 86.4, 84.2, 76.5, 71.7, 77.2, 57.3, 60.4, 66.7, 86.9, 76.4, 77.2, 71.1, 71.7, 64.9, 58.2, 79.9, 68.7, 65.4, 79.5, 80.4, 69.9, 74.7, 78, 82.7, 85.1)
standard_score <- c(0.754, 0.188, 0.445, -0.502, 1.082, -0.097, -0.756, 0.443, 1.858, 1.915, 1.365, -0.252, -0.538, -0.08, 0.001, -1.255, -0.737, 0.447, 1.615, -0.46, 0.202, -0.521, 1.217, -2.053, 1.003, 0.226, -1.7, -1.431, -0.509, 0.061, -0.6, 1.785, 1.407, 0.654, -1.759, -0.505, -0.592, 0.134, 0.056, 0.873, 1.678, -0.922, 0.422, 0.809, -0.867, -0.983, 0.278, -0.303, -0.695, -1.255, -1.541)
total_births_under20 <- c(59736, 12844, 59348, 35221, 470951, 55123, 43988, 9618, 9870, 163816, 96340, 18307, 17567, 180737, 80946, 41221, 39679, 52885, 81458, 16903, 68015, 81780, 138021, 67412, 43449, 76978, 13494, 25551, 15325, 15453, 105566, 27757, 259465, 89397, 11721, 160474, 53137, 39486, 160528, 13033, 51900, 12130, 66757, 308164, 37451, 8036, 86052, 70230, 24132, 73743, 9366)
teen_stats <- data.frame(per_hs_grads1990, standard_score, total_births_under20)
highchart() %>%
hc_title(text="1984-1993 Teen Statistics") %>%
hc_add_series_scatter(teen_stats$per_hs_grads1990, teen_stats$standard_score, teen_stats$total_births_under20, color=teen_stats$per_hs_grads1990)%>%
hc_add_theme(hc_theme_ffx())
library("forecast")
new <- data.frame(date=c(1990:2040), score=teen_stats$standard_score)
x <- forecast(teen_stats$per_hs_grads1990, h = 36, level = 90)
hchart(x)
x <- acf(diff(teen_stats$per_hs_grads1990), plot = FALSE)
hchart(x)
library(magrittr)
library(highcharter)
per_hs_grads1990 <- c(65.9, 70.6, 68.5, 76.4, 63.1, 73, 78.5, 68.5, 56.6, 56.2, 60.8, 74.3, 76.7, 72.9, 72.2, 82.7, 78.4, 68.5, 58.7, 76.1, 70.5, 76.6, 62, 89.4, 63.8, 70.3, 86.4, 84.2, 76.5, 71.7, 77.2, 57.3, 60.4, 66.7, 86.9, 76.4, 77.2, 71.1, 71.7, 64.9, 58.2, 79.9, 68.7, 65.4, 79.5, 80.4, 69.9, 74.7, 78, 82.7, 85.1)
standard_score <- c(0.754, 0.188, 0.445, -0.502, 1.082, -0.097, -0.756, 0.443, 1.858, 1.915, 1.365, -0.252, -0.538, -0.08, 0.001, -1.255, -0.737, 0.447, 1.615, -0.46, 0.202, -0.521, 1.217, -2.053, 1.003, 0.226, -1.7, -1.431, -0.509, 0.061, -0.6, 1.785, 1.407, 0.654, -1.759, -0.505, -0.592, 0.134, 0.056, 0.873, 1.678, -0.922, 0.422, 0.809, -0.867, -0.983, 0.278, -0.303, -0.695, -1.255, -1.541)
total_births_under20 <- c(59736, 12844, 59348, 35221, 470951, 55123, 43988, 9618, 9870, 163816, 96340, 18307, 17567, 180737, 80946, 41221, 39679, 52885, 81458, 16903, 68015, 81780, 138021, 67412, 43449, 76978, 13494, 25551, 15325, 15453, 105566, 27757, 259465, 89397, 11721, 160474, 53137, 39486, 160528, 13033, 51900, 12130, 66757, 308164, 37451, 8036, 86052, 70230, 24132, 73743, 9366)
teen_stats <- data.frame(per_hs_grads1990, standard_score, total_births_under20)
highchart() %>%
hc_title(text="1984-1993 Teen Statistics") %>%
hc_add_series_scatter(teen_stats$per_hs_grads1990, teen_stats$standard_score, teen_stats$total_births_under20, color=teen_stats$per_hs_grads1990)%>%
hc_add_theme(hc_theme_ffx())
library("forecast")
new <- data.frame(date=c(1990:2040), score=teen_stats$standard_score)
x <- forecast(teen_stats$per_hs_grads1990, h = 36, level = 90)
hchart(x)
x <- acf(diff(teen_stats$standard_score), plot = FALSE)
hchart(x)
